Category:  Arts
level:  2 	testData/0.1/sim/3/100/0.1_Arts_2.csv
20
3
level:  3 	testData/0.1/sim/3/100/0.1_Arts_3.csv
82
70
level:  4 	testData/0.1/sim/3/100/0.1_Arts_4.csv
91
91
             precision    recall  f1-score   support

        906       0.00      0.00      0.00         1
       1602       0.00      0.00      0.00         1
       1605       0.00      0.00      0.00         1
       1606       0.00      0.00      0.00         1
       1607       0.00      0.00      0.00         1
       1609       0.00      0.00      0.00         1
       1611       0.00      0.00      0.00         1
       1613       0.00      0.00      0.00         1
       1614       0.00      0.00      0.00         1
       1615       0.00      0.00      0.00         1
       1617       0.00      0.00      0.00         1
       1619       0.00      0.00      0.00         1
       1621       0.00      0.00      0.00         1
       1623       0.00      0.00      0.00         1
       1624       0.00      0.00      0.00         1
       2060       0.00      0.00      0.00         1
       2500       0.00      0.00      0.00         0
       2533       0.00      0.00      0.00         0
       2544       0.00      0.00      0.00         0
       2579       0.00      0.00      0.00         0
       3024       0.00      0.00      0.00         1
       3029       0.00      0.00      0.00         1
       3093       0.00      0.00      0.00         1
       3221       0.00      0.00      0.00         1
       3268       0.00      0.00      0.00         1
       3343       0.00      0.00      0.00         1
       6369       0.00      0.00      0.00         1
      41124       0.00      0.00      0.00         1
      41217       0.00      0.00      0.00         1
      42419       0.00      0.00      0.00         1
      42433       0.00      0.00      0.00         1
      42440       0.00      0.00      0.00         1
      42531       0.00      0.00      0.00         1
      43604       0.00      0.00      0.00         1
      43610       0.00      0.00      0.00         1
      43612       0.00      0.00      0.00         1
      52139       0.00      0.00      0.00         1
      54626       0.00      0.00      0.00         0
      54627       0.00      0.00      0.00         1
      54648       0.00      0.00      0.00         0
      54663       0.00      0.00      0.00         0
      54664       0.00      0.00      0.00         0
      54665       0.00      0.00      0.00         1
      54669       0.00      0.00      0.00         0
      54671       0.00      0.00      0.00         0
      54672       0.00      0.00      0.00         0
      54674       0.00      0.00      0.00         0
      54680       0.00      0.00      0.00         0
      54776       0.00      0.00      0.00         1
      55229       0.00      0.00      0.00         0
      78992       0.00      0.00      0.00         1
      83764       0.00      0.00      0.00         0
      83770       0.00      0.00      0.00         1
      87195       0.00      0.00      0.00         1
      87993       0.00      0.00      0.00         0
      87994       0.00      0.00      0.00         0
      87995       0.00      0.00      0.00         0
      87998       0.00      0.00      0.00         0
      87999       0.00      0.00      0.00         0
      88001       0.00      0.00      0.00         0
      88004       0.00      0.00      0.00         0
      88006       0.00      0.00      0.00         0
      88007       0.00      0.00      0.00         0
      88009       0.00      0.00      0.00         0
      88013       0.00      0.00      0.00         0
      88014       0.00      0.00      0.00         0
      88016       0.00      0.00      0.00         0
      93228       0.00      0.00      0.00         1
      96824       0.00      0.00      0.00         0
      99787       0.00      0.00      0.00         0
     103429       0.00      0.00      0.00         1
     103490       0.00      0.00      0.00         1
     103873       0.00      0.00      0.00         0
     107787       0.00      0.00      0.00         1
     111937       0.00      0.00      0.00         1
     116425       0.00      0.00      0.00         0
     117049       0.00      0.00      0.00         1
     118067       0.00      0.00      0.00         1
     125547       0.00      0.00      0.00         0
     129270       0.00      0.00      0.00         0
     135194       0.00      0.00      0.00         0
     135712       0.00      0.00      0.00         0
     136999       0.00      0.00      0.00         0
     140250       0.00      0.00      0.00         0
     142076       0.00      0.00      0.00         0
     167753       0.00      0.00      0.00         1
     173049       0.00      0.00      0.00         1
     173776       0.00      0.00      0.00         1
     179370       0.00      0.00      0.00         0
     181228       0.00      0.00      0.00         1
     186404       0.00      0.00      0.00         1
     189444       0.00      0.00      0.00         0
     200635       0.00      0.00      0.00         1
     201886       0.00      0.00      0.00         0
     202869       0.00      0.00      0.00         0
     203275       0.00      0.00      0.00         1
     209054       0.00      0.00      0.00         0
     212573       0.00      0.00      0.00         0
     213096       0.00      0.00      0.00         1
     214720       0.00      0.00      0.00         0
     214868       0.00      0.00      0.00         0
     217138       0.00      0.00      0.00         0
     217139       0.00      0.00      0.00         0
     217140       0.00      0.00      0.00         0
     217145       0.00      0.00      0.00         0
     217153       0.00      0.00      0.00         0
     219486       0.00      0.00      0.00         0
     221729       0.00      0.00      0.00         0
     230828       0.00      0.00      0.00         1
     232655       0.00      0.00      0.00         1
     241798       0.00      0.00      0.00         1
     243125       0.00      0.00      0.00         1
     244152       0.00      0.00      0.00         0
     255566       0.00      0.00      0.00         1
     259019       0.00      0.00      0.00         0
     262609       0.00      0.00      0.00         0
     267232       0.00      0.00      0.00         1
     280456       0.00      0.00      0.00         1
     282735       0.00      0.00      0.00         1
     285148       0.00      0.00      0.00         1
     288019       0.00      0.00      0.00         1
     291153       0.00      0.00      0.00         0
     303053       0.00      0.00      0.00         0
     312999       0.00      0.00      0.00         1
     313324       0.00      0.00      0.00         0
     313326       0.00      0.00      0.00         0
     316941       0.00      0.00      0.00         1
     319583       0.00      0.00      0.00         0
     319910       0.00      0.00      0.00         1
     319919       0.00      0.00      0.00         1
     319929       0.00      0.00      0.00         1
     327555       0.00      0.00      0.00         0
     330882       0.00      0.00      0.00         1
     338995       0.00      0.00      0.00         0
     343282       0.00      0.00      0.00         0
     347065       0.00      0.00      0.00         1
     349297       0.00      0.00      0.00         0
     355718       0.00      0.00      0.00         0
     365459       0.00      0.00      0.00         1
     395328       0.00      0.00      0.00         1
     413992       0.00      0.00      0.00         1
     430877       0.00      0.00      0.00         1
     430887       0.00      0.00      0.00         1
     430894       0.00      0.00      0.00         0
     471550       0.00      0.00      0.00         1
     482355       0.00      0.00      0.00         0
     510145       0.00      0.00      0.00         1
     525140       0.00      0.00      0.00         1
     525141       0.00      0.00      0.00         1
     525145       0.00      0.00      0.00         1
     525157       0.00      0.00      0.00         1
     541686       0.00      0.00      0.00         0
     553342       0.00      0.00      0.00         1
     564805       0.00      0.00      0.00         0
     580938       0.00      0.00      0.00         0
     765258       0.00      0.00      0.00         1
     769841       0.00      0.00      0.00         1
     830320       0.00      0.00      0.00         1
     895039       0.00      0.00      0.00         1
    1142124       0.00      0.00      0.00         0
    1167935       0.00      0.00      0.00         0
    1194952       0.00      0.00      0.00         1
    1229909       0.00      0.00      0.00         0
    1242121       0.00      0.00      0.00         1
    1254453       0.00      0.00      0.00         0
    1254511       0.00      0.00      0.00         0
    1257977       0.00      0.00      0.00         0
    1262292       0.00      0.00      0.00         0
    1274466       0.00      0.00      0.00         0
    1277283       0.00      0.00      0.00         0
    1405221       0.00      0.00      0.00         0
    1433438       0.00      0.00      0.00         0
    1439236       0.00      0.00      0.00         0
    1441035       0.00      0.00      0.00         0
    1446499       0.00      0.00      0.00         0
    5820576       0.00      0.00      0.00         0
    6353256       0.00      0.00      0.00         1
    6353267       0.00      0.00      0.00         1

avg / total       0.00      0.00      0.00        91

level:  5 	testData/0.1/sim/3/100/0.1_Arts_5.csv
98
98
             precision    recall  f1-score   support

       1098       0.00      0.00      0.00         1
       2558       0.00      0.00      0.00         0
       2564       0.00      0.00      0.00         0
       2566       0.00      0.00      0.00         0
       3081       0.00      0.00      0.00         1
       3146       0.00      0.00      0.00         1
       3220       0.00      0.00      0.00         1
       8027       0.00      0.00      0.00         1
      41799       0.00      0.00      0.00         1
      42168       0.00      0.00      0.00         1
      42636       0.00      0.00      0.00         1
      51450       0.00      0.00      0.00         1
      54689       0.00      0.00      0.00         0
      54765       0.00      0.00      0.00         0
      55326       0.00      0.00      0.00         0
      56657       0.00      0.00      0.00         1
      78965       0.00      0.00      0.00         0
      79018       0.00      0.00      0.00         1
      80375       0.00      0.00      0.00         1
      83435       0.00      0.00      0.00         1
      84100       0.00      0.00      0.00         0
      90829       0.00      0.00      0.00         0
      95677       0.00      0.00      0.00         1
      96537       0.00      0.00      0.00         0
      97315       0.00      0.00      0.00         1
     103185       0.00      0.00      0.00         0
     109657       0.00      0.00      0.00         0
     113181       0.00      0.00      0.00         1
     113839       0.00      0.00      0.00         0
     113939       0.00      0.00      0.00         0
     117146       0.00      0.00      0.00         0
     119518       0.00      0.00      0.00         0
     119781       0.00      0.00      0.00         0
     122781       0.00      0.00      0.00         1
     123254       0.00      0.00      0.00         0
     128809       0.00      0.00      0.00         0
     130761       0.00      0.00      0.00         0
     132527       0.00      0.00      0.00         1
     136368       0.00      0.00      0.00         1
     137007       0.00      0.00      0.00         0
     137010       0.00      0.00      0.00         0
     140871       0.00      0.00      0.00         0
     166077       0.00      0.00      0.00         1
     167052       0.00      0.00      0.00         1
     172786       0.00      0.00      0.00         1
     178842       0.00      0.00      0.00         1
     179410       0.00      0.00      0.00         1
     180039       0.00      0.00      0.00         1
     181241       0.00      0.00      0.00         1
     183698       0.00      0.00      0.00         0
     186156       0.00      0.00      0.00         1
     192122       0.00      0.00      0.00         1
     192656       0.00      0.00      0.00         0
     198422       0.00      0.00      0.00         1
     200483       0.00      0.00      0.00         1
     204260       0.00      0.00      0.00         1
     205432       0.00      0.00      0.00         0
     207807       0.00      0.00      0.00         1
     220390       0.00      0.00      0.00         0
     220398       0.00      0.00      0.00         0
     220603       0.00      0.00      0.00         1
     225059       0.00      0.00      0.00         1
     227129       0.00      0.00      0.00         1
     227394       0.00      0.00      0.00         1
     231270       0.00      0.00      0.00         0
     233752       0.00      0.00      0.00         1
     235654       0.00      0.00      0.00         1
     243614       0.00      0.00      0.00         0
     244860       0.00      0.00      0.00         0
     246230       0.00      0.00      0.00         1
     246727       0.00      0.00      0.00         0
     246731       0.00      0.00      0.00         1
     246735       0.00      0.00      0.00         0
     246740       0.00      0.00      0.00         0
     246741       0.00      0.00      0.00         0
     246747       0.00      0.00      0.00         0
     253805       0.00      0.00      0.00         1
     254476       0.00      0.00      0.00         0
     255746       0.00      0.00      0.00         1
     256041       0.00      0.00      0.00         0
     256270       0.00      0.00      0.00         0
     274057       0.00      0.00      0.00         0
     299361       0.00      0.00      0.00         0
     319292       0.00      0.00      0.00         1
     319644       0.00      0.00      0.00         1
     320530       0.00      0.00      0.00         1
     322931       0.00      0.00      0.00         1
     326294       0.00      0.00      0.00         0
     327344       0.00      0.00      0.00         0
     330061       0.00      0.00      0.00         1
     337395       0.00      0.00      0.00         0
     346505       0.00      0.00      0.00         0
     349808       0.00      0.00      0.00         0
     354182       0.00      0.00      0.00         1
     354220       0.00      0.00      0.00         1
     354444       0.00      0.00      0.00         0
     360216       0.00      0.00      0.00         0
     385323       0.00      0.00      0.00         1
     387930       0.00      0.00      0.00         1
     398230       0.00      0.00      0.00         1
     411268       0.00      0.00      0.00         1
     419109       0.00      0.00      0.00         1
     421065       0.00      0.00      0.00         1
     421496       0.00      0.00      0.00         0
     427168       0.00      0.00      0.00         0
     429577       0.00      0.00      0.00         0
     429891       0.00      0.00      0.00         0
     455296       0.00      0.00      0.00         1
     464470       0.00      0.00      0.00         0
     465573       0.00      0.00      0.00         0
     477430       0.00      0.00      0.00         1
     486535       0.00      0.00      0.00         0
     486901       0.00      0.00      0.00         0
     487571       0.00      0.00      0.00         0
     492412       0.00      0.00      0.00         0
     498840       0.00      0.00      0.00         1
     507975       0.00      0.00      0.00         1
     516152       0.00      0.00      0.00         0
     519873       0.00      0.00      0.00         1
     521919       0.00      0.00      0.00         1
     523092       0.00      0.00      0.00         1
     524314       0.00      0.00      0.00         1
     525508       0.00      0.00      0.00         1
     527811       0.00      0.00      0.00         0
     531481       0.00      0.00      0.00         1
     532940       0.00      0.00      0.00         1
     536012       0.00      0.00      0.00         0
     559973       0.00      0.00      0.00         0
     566810       0.00      0.00      0.00         1
     566814       0.00      0.00      0.00         1
     583382       0.00      0.00      0.00         1
     585313       0.00      0.00      0.00         0
     590013       0.00      0.00      0.00         0
     591292       0.00      0.00      0.00         1
     703252       0.00      0.00      0.00         1
     788165       0.00      0.00      0.00         1
     812373       0.00      0.00      0.00         0
     824252       0.00      0.00      0.00         1
     836750       0.00      0.00      0.00         0
     854805       0.00      0.00      0.00         1
     856137       0.00      0.00      0.00         1
     865724       0.00      0.00      0.00         0
     865746       0.00      0.00      0.00         0
     887096       0.00      0.00      0.00         1
     910960       0.00      0.00      0.00         1
     921939       0.00      0.00      0.00         1
     943486       0.00      0.00      0.00         0
     974467       0.00      0.00      0.00         0
    1103006       0.00      0.00      0.00         1
    1112820       0.00      0.00      0.00         0
    1135855       0.00      0.00      0.00         1
    1163068       0.00      0.00      0.00         0
    1168971       0.00      0.00      0.00         1
    1180302       0.00      0.00      0.00         1
    1182463       0.00      0.00      0.00         1
    1195909       0.00      0.00      0.00         1
    1220356       0.00      0.00      0.00         0
    1228505       0.00      0.00      0.00         1
    1255006       0.00      0.00      0.00         0
    1266645       0.00      0.00      0.00         0
    1267839       0.00      0.00      0.00         0
    1277776       0.00      0.00      0.00         0
    1285155       0.00      0.00      0.00         0
    1286769       0.00      0.00      0.00         0
    1288516       0.00      0.00      0.00         0
    1289304       0.00      0.00      0.00         0
    1293715       0.00      0.00      0.00         1
    1355818       0.00      0.00      0.00         1
    1360660       0.00      0.00      0.00         1
    1375198       0.00      0.00      0.00         0
    1375217       0.00      0.00      0.00         0
    1375218       0.00      0.00      0.00         0
    1389971       0.00      0.00      0.00         0
    1396638       0.00      0.00      0.00         1
    1413697       0.00      0.00      0.00         0
    1425676       0.00      0.00      0.00         1
    1437587       0.00      0.00      0.00         0
    1439221       0.00      0.00      0.00         0
    5801019       0.00      0.00      0.00         0
    5820590       0.00      0.00      0.00         0
    5824238       0.00      0.00      0.00         1
    5832636       0.00      0.00      0.00         1
    5838068       0.00      0.00      0.00         0
    5893567       0.00      0.00      0.00         1
    6275660       0.00      0.00      0.00         0
    6299288       0.00      0.00      0.00         1
    6302134       0.00      0.00      0.00         1
    6316058       0.00      0.00      0.00         0
    6316732       0.00      0.00      0.00         0
    6316747       0.00      0.00      0.00         0
    6316921       0.00      0.00      0.00         0
    6329939       0.00      0.00      0.00         1
    6333053       0.00      0.00      0.00         1
    6346546       0.00      0.00      0.00         1

avg / total       0.00      0.00      0.00        98

level:  6 	testData/0.1/sim/3/100/0.1_Arts_6.csv
100
100
             precision    recall  f1-score   support

       1128       0.00      0.00      0.00         1
       1178       0.00      0.00      0.00         1
       1306       0.00      0.00      0.00         1
       1481       0.00      0.00      0.00         1
       1894       0.00      0.00      0.00         1
       2048       0.00      0.00      0.00         1
       2049       0.00      0.00      0.00         1
       2155       0.00      0.00      0.00         1
       2177       0.00      0.00      0.00         1
       2312       0.00      0.00      0.00         1
       2494       0.00      0.00      0.00         0
       3379       0.00      0.00      0.00         1
       9849       0.00      0.00      0.00         1
      20184       0.00      0.00      0.00         1
      41758       0.00      0.00      0.00         0
      41764       0.00      0.00      0.00         0
      42413       0.00      0.00      0.00         1
      42446       0.00      0.00      0.00         1
      51120       0.00      0.00      0.00         1
      54369       0.00      0.00      0.00         0
      54377       0.00      0.00      0.00         0
      54379       0.00      0.00      0.00         0
      54606       0.00      0.00      0.00         0
      54738       0.00      0.00      0.00         0
      54739       0.00      0.00      0.00         0
      55729       0.00      0.00      0.00         1
      56328       0.00      0.00      0.00         1
      80428       0.00      0.00      0.00         1
      84500       0.00      0.00      0.00         0
      88036       0.00      0.00      0.00         0
      88779       0.00      0.00      0.00         1
      92270       0.00      0.00      0.00         1
      92462       0.00      0.00      0.00         1
      92464       0.00      0.00      0.00         1
      92637       0.00      0.00      0.00         1
      93230       0.00      0.00      0.00         1
      95309       0.00      0.00      0.00         1
      97336       0.00      0.00      0.00         0
      98131       0.00      0.00      0.00         1
     101475       0.00      0.00      0.00         1
     110804       0.00      0.00      0.00         1
     111436       0.00      0.00      0.00         1
     114001       0.00      0.00      0.00         1
     115211       0.00      0.00      0.00         0
     115212       0.00      0.00      0.00         0
     115213       0.00      0.00      0.00         1
     115260       0.00      0.00      0.00         0
     115263       0.00      0.00      0.00         0
     115268       0.00      0.00      0.00         0
     115275       0.00      0.00      0.00         0
     115277       0.00      0.00      0.00         0
     115291       0.00      0.00      0.00         0
     115303       0.00      0.00      0.00         0
     116303       0.00      0.00      0.00         0
     116574       0.00      0.00      0.00         0
     116632       0.00      0.00      0.00         0
     116654       0.00      0.00      0.00         1
     119405       0.00      0.00      0.00         0
     120716       0.00      0.00      0.00         0
     122056       0.00      0.00      0.00         1
     124111       0.00      0.00      0.00         0
     128438       0.00      0.00      0.00         0
     129666       0.00      0.00      0.00         1
     129928       0.00      0.00      0.00         1
     132500       0.00      0.00      0.00         1
     136033       0.00      0.00      0.00         1
     137953       0.00      0.00      0.00         0
     138873       0.00      0.00      0.00         0
     139905       0.00      0.00      0.00         0
     169247       0.00      0.00      0.00         0
     171136       0.00      0.00      0.00         1
     173744       0.00      0.00      0.00         0
     173859       0.00      0.00      0.00         1
     174331       0.00      0.00      0.00         0
     177711       0.00      0.00      0.00         0
     197702       0.00      0.00      0.00         0
     197818       0.00      0.00      0.00         0
     212461       0.00      0.00      0.00         0
     213864       0.00      0.00      0.00         1
     222231       0.00      0.00      0.00         0
     228535       0.00      0.00      0.00         0
     236070       0.00      0.00      0.00         0
     241115       0.00      0.00      0.00         1
     241428       0.00      0.00      0.00         0
     244904       0.00      0.00      0.00         0
     245840       0.00      0.00      0.00         0
     246198       0.00      0.00      0.00         0
     251088       0.00      0.00      0.00         0
     253151       0.00      0.00      0.00         1
     253669       0.00      0.00      0.00         0
     256245       0.00      0.00      0.00         0
     264995       0.00      0.00      0.00         1
     269194       0.00      0.00      0.00         0
     269630       0.00      0.00      0.00         0
     271808       0.00      0.00      0.00         0
     277372       0.00      0.00      0.00         1
     279731       0.00      0.00      0.00         1
     280102       0.00      0.00      0.00         0
     280803       0.00      0.00      0.00         0
     294753       0.00      0.00      0.00         1
     299749       0.00      0.00      0.00         0
     301161       0.00      0.00      0.00         1
     313407       0.00      0.00      0.00         1
     318686       0.00      0.00      0.00         1
     318969       0.00      0.00      0.00         0
     324011       0.00      0.00      0.00         1
     324012       0.00      0.00      0.00         1
     324016       0.00      0.00      0.00         1
     331345       0.00      0.00      0.00         0
     332730       0.00      0.00      0.00         1
     337734       0.00      0.00      0.00         0
     344215       0.00      0.00      0.00         0
     351588       0.00      0.00      0.00         1
     361440       0.00      0.00      0.00         0
     361447       0.00      0.00      0.00         0
     361454       0.00      0.00      0.00         0
     392517       0.00      0.00      0.00         0
     411732       0.00      0.00      0.00         1
     420709       0.00      0.00      0.00         1
     426211       0.00      0.00      0.00         0
     428830       0.00      0.00      0.00         1
     431112       0.00      0.00      0.00         1
     431636       0.00      0.00      0.00         1
     434220       0.00      0.00      0.00         0
     445490       0.00      0.00      0.00         1
     462543       0.00      0.00      0.00         1
     469746       0.00      0.00      0.00         1
     471306       0.00      0.00      0.00         1
     481566       0.00      0.00      0.00         1
     484620       0.00      0.00      0.00         0
     507681       0.00      0.00      0.00         0
     507719       0.00      0.00      0.00         0
     507960       0.00      0.00      0.00         1
     509234       0.00      0.00      0.00         1
     510035       0.00      0.00      0.00         1
     534014       0.00      0.00      0.00         0
     539623       0.00      0.00      0.00         1
     539624       0.00      0.00      0.00         1
     547318       0.00      0.00      0.00         1
     559287       0.00      0.00      0.00         1
     560424       0.00      0.00      0.00         1
     570377       0.00      0.00      0.00         1
     578453       0.00      0.00      0.00         1
     578456       0.00      0.00      0.00         1
     589979       0.00      0.00      0.00         0
     700021       0.00      0.00      0.00         1
     769656       0.00      0.00      0.00         0
     772922       0.00      0.00      0.00         0
     778732       0.00      0.00      0.00         1
     816958       0.00      0.00      0.00         1
     861870       0.00      0.00      0.00         0
     861875       0.00      0.00      0.00         0
     861878       0.00      0.00      0.00         0
     867039       0.00      0.00      0.00         0
     873111       0.00      0.00      0.00         0
     894694       0.00      0.00      0.00         0
     895137       0.00      0.00      0.00         0
     898658       0.00      0.00      0.00         0
     905359       0.00      0.00      0.00         0
     905362       0.00      0.00      0.00         0
     907139       0.00      0.00      0.00         1
     938244       0.00      0.00      0.00         0
     938250       0.00      0.00      0.00         0
     971553       0.00      0.00      0.00         1
     973269       0.00      0.00      0.00         1
     973677       0.00      0.00      0.00         0
    1100817       0.00      0.00      0.00         1
    1108747       0.00      0.00      0.00         1
    1123316       0.00      0.00      0.00         1
    1133718       0.00      0.00      0.00         1
    1170159       0.00      0.00      0.00         0
    1192859       0.00      0.00      0.00         0
    1208408       0.00      0.00      0.00         0
    1224528       0.00      0.00      0.00         0
    1224593       0.00      0.00      0.00         0
    1227712       0.00      0.00      0.00         1
    1237282       0.00      0.00      0.00         1
    1273445       0.00      0.00      0.00         1
    1314506       0.00      0.00      0.00         1
    1317053       0.00      0.00      0.00         0
    1357834       0.00      0.00      0.00         1
    1385952       0.00      0.00      0.00         1
    1399977       0.00      0.00      0.00         1
    1416317       0.00      0.00      0.00         0
    1425897       0.00      0.00      0.00         1
    1437490       0.00      0.00      0.00         1
    1442942       0.00      0.00      0.00         0
    5804418       0.00      0.00      0.00         0
    5810204       0.00      0.00      0.00         1
    5848689       0.00      0.00      0.00         1
    5848699       0.00      0.00      0.00         1
    6291187       0.00      0.00      0.00         1
    6309595       0.00      0.00      0.00         0
    6314202       0.00      0.00      0.00         0
    6320787       0.00      0.00      0.00         0
    6333109       0.00      0.00      0.00         1

avg / total       0.00      0.00      0.00       100

level:  7 	testData/0.1/sim/3/100/0.1_Arts_7.csv
96
96
             precision    recall  f1-score   support

       1413       0.00      0.00      0.00         1
       1751       0.00      0.00      0.00         1
       2072       0.00      0.00      0.00         1
       2080       0.00      0.00      0.00         1
       2509       0.00      0.00      0.00         0
       4168       0.00      0.00      0.00         1
      29031       0.00      0.00      0.00         1
      41789       0.00      0.00      0.00         1
      53996       0.00      0.00      0.00         1
      54390       0.00      0.00      0.00         0
      54398       0.00      0.00      0.00         0
      54611       0.00      0.00      0.00         0
      54615       0.00      0.00      0.00         1
      55650       0.00      0.00      0.00         1
      55932       0.00      0.00      0.00         1
      55992       0.00      0.00      0.00         1
      56380       0.00      0.00      0.00         1
      79043       0.00      0.00      0.00         1
      79054       0.00      0.00      0.00         1
      88333       0.00      0.00      0.00         1
      89407       0.00      0.00      0.00         1
      97902       0.00      0.00      0.00         1
      99676       0.00      0.00      0.00         0
     111811       0.00      0.00      0.00         1
     111815       0.00      0.00      0.00         1
     111829       0.00      0.00      0.00         1
     121161       0.00      0.00      0.00         0
     129367       0.00      0.00      0.00         1
     129386       0.00      0.00      0.00         1
     132926       0.00      0.00      0.00         1
     135574       0.00      0.00      0.00         1
     136100       0.00      0.00      0.00         1
     137149       0.00      0.00      0.00         1
     137203       0.00      0.00      0.00         0
     175880       0.00      0.00      0.00         0
     179635       0.00      0.00      0.00         1
     181938       0.00      0.00      0.00         1
     186122       0.00      0.00      0.00         0
     186271       0.00      0.00      0.00         0
     186273       0.00      0.00      0.00         0
     189238       0.00      0.00      0.00         0
     192549       0.00      0.00      0.00         1
     194641       0.00      0.00      0.00         1
     198473       0.00      0.00      0.00         0
     203166       0.00      0.00      0.00         1
     203593       0.00      0.00      0.00         0
     213481       0.00      0.00      0.00         1
     219336       0.00      0.00      0.00         0
     221248       0.00      0.00      0.00         0
     225565       0.00      0.00      0.00         0
     225567       0.00      0.00      0.00         0
     228255       0.00      0.00      0.00         0
     230772       0.00      0.00      0.00         0
     240128       0.00      0.00      0.00         0
     240138       0.00      0.00      0.00         0
     241632       0.00      0.00      0.00         0
     245011       0.00      0.00      0.00         0
     246831       0.00      0.00      0.00         0
     253169       0.00      0.00      0.00         1
     253615       0.00      0.00      0.00         1
     253886       0.00      0.00      0.00         0
     254165       0.00      0.00      0.00         1
     256543       0.00      0.00      0.00         0
     256921       0.00      0.00      0.00         1
     260701       0.00      0.00      0.00         0
     261278       0.00      0.00      0.00         1
     264294       0.00      0.00      0.00         0
     265612       0.00      0.00      0.00         1
     271217       0.00      0.00      0.00         1
     271444       0.00      0.00      0.00         1
     271612       0.00      0.00      0.00         0
     271619       0.00      0.00      0.00         0
     271621       0.00      0.00      0.00         0
     273572       0.00      0.00      0.00         0
     273589       0.00      0.00      0.00         1
     278243       0.00      0.00      0.00         0
     280058       0.00      0.00      0.00         1
     298010       0.00      0.00      0.00         1
     301509       0.00      0.00      0.00         0
     313875       0.00      0.00      0.00         0
     327271       0.00      0.00      0.00         0
     360604       0.00      0.00      0.00         1
     370835       0.00      0.00      0.00         1
     372068       0.00      0.00      0.00         1
     377135       0.00      0.00      0.00         1
     377844       0.00      0.00      0.00         0
     377849       0.00      0.00      0.00         0
     377857       0.00      0.00      0.00         0
     377861       0.00      0.00      0.00         0
     377862       0.00      0.00      0.00         1
     377864       0.00      0.00      0.00         1
     377981       0.00      0.00      0.00         0
     378080       0.00      0.00      0.00         0
     379421       0.00      0.00      0.00         0
     379455       0.00      0.00      0.00         0
     391124       0.00      0.00      0.00         1
     426559       0.00      0.00      0.00         1
     433453       0.00      0.00      0.00         0
     469743       0.00      0.00      0.00         0
     471514       0.00      0.00      0.00         1
     471721       0.00      0.00      0.00         1
     477443       0.00      0.00      0.00         0
     477444       0.00      0.00      0.00         0
     477445       0.00      0.00      0.00         0
     477449       0.00      0.00      0.00         0
     477450       0.00      0.00      0.00         0
     477451       0.00      0.00      0.00         0
     477456       0.00      0.00      0.00         0
     477457       0.00      0.00      0.00         0
     477463       0.00      0.00      0.00         0
     478217       0.00      0.00      0.00         0
     479272       0.00      0.00      0.00         0
     480982       0.00      0.00      0.00         1
     487464       0.00      0.00      0.00         1
     500789       0.00      0.00      0.00         1
     502837       0.00      0.00      0.00         0
     511584       0.00      0.00      0.00         1
     512357       0.00      0.00      0.00         1
     514473       0.00      0.00      0.00         1
     517868       0.00      0.00      0.00         1
     520039       0.00      0.00      0.00         1
     523737       0.00      0.00      0.00         1
     536147       0.00      0.00      0.00         0
     539099       0.00      0.00      0.00         1
     539179       0.00      0.00      0.00         1
     544753       0.00      0.00      0.00         0
     544795       0.00      0.00      0.00         0
     544796       0.00      0.00      0.00         1
     557719       0.00      0.00      0.00         0
     568458       0.00      0.00      0.00         1
     569821       0.00      0.00      0.00         1
     583851       0.00      0.00      0.00         0
     584012       0.00      0.00      0.00         1
     586835       0.00      0.00      0.00         0
     589195       0.00      0.00      0.00         0
     700098       0.00      0.00      0.00         0
     703383       0.00      0.00      0.00         1
     772724       0.00      0.00      0.00         0
     787129       0.00      0.00      0.00         1
     802270       0.00      0.00      0.00         0
     810143       0.00      0.00      0.00         1
     814349       0.00      0.00      0.00         0
     817947       0.00      0.00      0.00         0
     822722       0.00      0.00      0.00         1
     849884       0.00      0.00      0.00         0
     860762       0.00      0.00      0.00         0
     861066       0.00      0.00      0.00         0
     867180       0.00      0.00      0.00         1
     892665       0.00      0.00      0.00         0
     892675       0.00      0.00      0.00         0
     892680       0.00      0.00      0.00         0
     902521       0.00      0.00      0.00         1
     905182       0.00      0.00      0.00         0
     909940       0.00      0.00      0.00         1
     927518       0.00      0.00      0.00         1
     933841       0.00      0.00      0.00         0
    1110240       0.00      0.00      0.00         1
    1128509       0.00      0.00      0.00         1
    1147767       0.00      0.00      0.00         1
    1166628       0.00      0.00      0.00         0
    1173278       0.00      0.00      0.00         1
    1175603       0.00      0.00      0.00         1
    1195217       0.00      0.00      0.00         1
    1212088       0.00      0.00      0.00         0
    1240070       0.00      0.00      0.00         1
    1282045       0.00      0.00      0.00         1
    1294947       0.00      0.00      0.00         1
    1304233       0.00      0.00      0.00         0
    1346850       0.00      0.00      0.00         0
    1375880       0.00      0.00      0.00         1
    1376565       0.00      0.00      0.00         1
    1376691       0.00      0.00      0.00         0
    1378837       0.00      0.00      0.00         1
    1390666       0.00      0.00      0.00         0
    1431413       0.00      0.00      0.00         1
    5818604       0.00      0.00      0.00         0
    5831858       0.00      0.00      0.00         1
    5873823       0.00      0.00      0.00         1
    5874850       0.00      0.00      0.00         1
    6278708       0.00      0.00      0.00         1
    6286744       0.00      0.00      0.00         1
    6293208       0.00      0.00      0.00         1
    6315573       0.00      0.00      0.00         0

avg / total       0.00      0.00      0.00        96

level:  8 	testData/0.1/sim/3/100/0.1_Arts_8.csv
95
95
             precision    recall  f1-score   support

       2352       0.00      0.00      0.00         1
       2517       0.00      0.00      0.00         0
      41397       0.00      0.00      0.00         1
      54410       0.00      0.00      0.00         0
      54420       0.00      0.00      0.00         1
      54427       0.00      0.00      0.00         1
      54435       0.00      0.00      0.00         0
      54436       0.00      0.00      0.00         0
      54439       0.00      0.00      0.00         0
      54447       0.00      0.00      0.00         0
      54448       0.00      0.00      0.00         0
      54621       0.00      0.00      0.00         0
      92977       0.00      0.00      0.00         1
     115701       0.00      0.00      0.00         1
     117948       0.00      0.00      0.00         1
     124948       0.00      0.00      0.00         1
     125301       0.00      0.00      0.00         1
     169138       0.00      0.00      0.00         1
     169143       0.00      0.00      0.00         1
     175882       0.00      0.00      0.00         0
     177731       0.00      0.00      0.00         1
     183915       0.00      0.00      0.00         1
     186143       0.00      0.00      0.00         0
     186145       0.00      0.00      0.00         0
     186278       0.00      0.00      0.00         0
     186678       0.00      0.00      0.00         0
     187232       0.00      0.00      0.00         0
     191852       0.00      0.00      0.00         1
     195191       0.00      0.00      0.00         1
     197147       0.00      0.00      0.00         0
     199078       0.00      0.00      0.00         0
     207840       0.00      0.00      0.00         0
     214522       0.00      0.00      0.00         0
     215873       0.00      0.00      0.00         0
     224361       0.00      0.00      0.00         1
     225769       0.00      0.00      0.00         0
     226964       0.00      0.00      0.00         1
     239631       0.00      0.00      0.00         0
     245930       0.00      0.00      0.00         0
     246617       0.00      0.00      0.00         0
     247701       0.00      0.00      0.00         0
     247703       0.00      0.00      0.00         1
     251408       0.00      0.00      0.00         0
     251409       0.00      0.00      0.00         0
     251412       0.00      0.00      0.00         0
     254063       0.00      0.00      0.00         0
     260131       0.00      0.00      0.00         1
     262501       0.00      0.00      0.00         0
     272648       0.00      0.00      0.00         0
     285315       0.00      0.00      0.00         0
     285501       0.00      0.00      0.00         0
     286407       0.00      0.00      0.00         0
     287583       0.00      0.00      0.00         0
     289327       0.00      0.00      0.00         0
     294414       0.00      0.00      0.00         1
     295097       0.00      0.00      0.00         0
     316812       0.00      0.00      0.00         0
     316816       0.00      0.00      0.00         0
     316818       0.00      0.00      0.00         0
     316820       0.00      0.00      0.00         0
     316821       0.00      0.00      0.00         0
     316822       0.00      0.00      0.00         0
     316823       0.00      0.00      0.00         0
     316824       0.00      0.00      0.00         0
     316826       0.00      0.00      0.00         0
     316827       0.00      0.00      0.00         0
     316828       0.00      0.00      0.00         0
     316829       0.00      0.00      0.00         1
     316831       0.00      0.00      0.00         0
     316833       0.00      0.00      0.00         1
     316835       0.00      0.00      0.00         0
     318172       0.00      0.00      0.00         1
     326927       0.00      0.00      0.00         0
     333396       0.00      0.00      0.00         0
     356071       0.00      0.00      0.00         1
     356378       0.00      0.00      0.00         1
     356829       0.00      0.00      0.00         0
     357520       0.00      0.00      0.00         1
     359444       0.00      0.00      0.00         1
     367574       0.00      0.00      0.00         1
     384023       0.00      0.00      0.00         1
     384212       0.00      0.00      0.00         1
     387087       0.00      0.00      0.00         1
     400919       0.00      0.00      0.00         1
     403346       0.00      0.00      0.00         1
     403389       0.00      0.00      0.00         1
     410751       0.00      0.00      0.00         1
     410754       0.00      0.00      0.00         1
     417358       0.00      0.00      0.00         1
     421645       0.00      0.00      0.00         1
     422294       0.00      0.00      0.00         0
     435533       0.00      0.00      0.00         1
     435545       0.00      0.00      0.00         1
     437003       0.00      0.00      0.00         0
     467092       0.00      0.00      0.00         0
     469747       0.00      0.00      0.00         1
     471728       0.00      0.00      0.00         1
     493931       0.00      0.00      0.00         0
     493954       0.00      0.00      0.00         0
     493959       0.00      0.00      0.00         0
     494923       0.00      0.00      0.00         0
     494948       0.00      0.00      0.00         0
     497994       0.00      0.00      0.00         1
     497997       0.00      0.00      0.00         1
     498004       0.00      0.00      0.00         1
     502770       0.00      0.00      0.00         0
     502842       0.00      0.00      0.00         0
     504053       0.00      0.00      0.00         1
     509416       0.00      0.00      0.00         1
     511396       0.00      0.00      0.00         0
     513659       0.00      0.00      0.00         0
     513788       0.00      0.00      0.00         0
     514519       0.00      0.00      0.00         0
     521744       0.00      0.00      0.00         1
     530967       0.00      0.00      0.00         1
     534999       0.00      0.00      0.00         0
     552472       0.00      0.00      0.00         1
     563183       0.00      0.00      0.00         0
     574022       0.00      0.00      0.00         0
     577313       0.00      0.00      0.00         1
     577714       0.00      0.00      0.00         0
     577721       0.00      0.00      0.00         0
     577727       0.00      0.00      0.00         0
     580462       0.00      0.00      0.00         1
     580471       0.00      0.00      0.00         1
     581351       0.00      0.00      0.00         1
     581355       0.00      0.00      0.00         1
     581367       0.00      0.00      0.00         1
     588652       0.00      0.00      0.00         0
     595806       0.00      0.00      0.00         1
     793274       0.00      0.00      0.00         1
     808013       0.00      0.00      0.00         0
     818903       0.00      0.00      0.00         0
     822471       0.00      0.00      0.00         0
     826404       0.00      0.00      0.00         1
     827773       0.00      0.00      0.00         1
     838266       0.00      0.00      0.00         1
     848677       0.00      0.00      0.00         0
     856322       0.00      0.00      0.00         1
     861068       0.00      0.00      0.00         0
     861075       0.00      0.00      0.00         0
     861542       0.00      0.00      0.00         0
     861550       0.00      0.00      0.00         0
     861553       0.00      0.00      0.00         0
     873679       0.00      0.00      0.00         0
     895217       0.00      0.00      0.00         0
     926167       0.00      0.00      0.00         0
     970496       0.00      0.00      0.00         1
    1104867       0.00      0.00      0.00         1
    1111867       0.00      0.00      0.00         1
    1140000       0.00      0.00      0.00         1
    1140455       0.00      0.00      0.00         1
    1145976       0.00      0.00      0.00         0
    1162919       0.00      0.00      0.00         1
    1166302       0.00      0.00      0.00         1
    1166306       0.00      0.00      0.00         1
    1171352       0.00      0.00      0.00         1
    1176684       0.00      0.00      0.00         1
    1187502       0.00      0.00      0.00         1
    1237543       0.00      0.00      0.00         1
    1248847       0.00      0.00      0.00         1
    1250222       0.00      0.00      0.00         1
    1282232       0.00      0.00      0.00         1
    1282846       0.00      0.00      0.00         1
    1285113       0.00      0.00      0.00         0
    1306811       0.00      0.00      0.00         1
    1306820       0.00      0.00      0.00         1
    1364673       0.00      0.00      0.00         1
    1365898       0.00      0.00      0.00         1
    1371302       0.00      0.00      0.00         0
    1371303       0.00      0.00      0.00         0
    1390312       0.00      0.00      0.00         1
    1396926       0.00      0.00      0.00         1
    1397043       0.00      0.00      0.00         1
    1441184       0.00      0.00      0.00         1
    1441223       0.00      0.00      0.00         1
    5809923       0.00      0.00      0.00         0
    5823964       0.00      0.00      0.00         1
    5831919       0.00      0.00      0.00         1
    5846663       0.00      0.00      0.00         1
    5851338       0.00      0.00      0.00         1
    5857412       0.00      0.00      0.00         1
    5889601       0.00      0.00      0.00         0
    5889804       0.00      0.00      0.00         1
    6293567       0.00      0.00      0.00         1
    6346250       0.00      0.00      0.00         1

avg / total       0.00      0.00      0.00        95

level:  9 	testData/0.1/sim/3/100/0.1_Arts_9.csv
90
85
level:  10 	testData/0.1/sim/3/100/0.1_Arts_10.csv
76
9
level:  11 	testData/0.1/sim/3/100/0.1_Arts_11.csv
36
5
